5 18 2
18 5
-0.380504 -0.142856 -0.909301 0.452186 -0.153978 
0.745322 -0.433906 -0.365927 0.854438 0.439039 
-0.0909124 -0.233516 -0.951661 0.387916 -0.0106731 
-0.127685 0.0798584 -0.92442 0.938881 -0.421968 
-0.674017 -0.991982 -0.115007 -0.427121 0.50556 
-0.900959 -0.729011 -0.293076 0.00488761 -0.409084 
0.871295 0.601635 -0.511092 -0.443745 -0.247622 
-0.540823 -0.396121 -0.44751 0.760519 0.027764 
0.951937 -0.702288 0.0644852 -0.67327 -0.879812 
0.351304 0.602736 0.490024 0.393396 -0.847234 
-0.756818 0.191514 -0.326025 0.329853 0.634784 
0.119284 -0.157242 0.105974 0.742512 0.209411 
-0.512029 -0.0966494 0.227226 -0.134126 -0.0374527 
0.0945149 0.246509 0.137033 -0.275341 0.968041 
0.766241 0.831516 0.972325 -0.396648 0.769776 
-0.855258 0.329728 -0.382413 -0.583707 -0.130029 
-0.110184 -0.200406 0.523003 -0.382407 -0.138442 
-0.12988 0.122124 0.173102 0.863215 -0.133435 

2 18
0.9791 0.232273 0.279976 0.253253 -0.374817 -0.947014 -0.752683 0.590068 0.159963 -0.365152 -0.192669 -0.716584 -0.925176 -0.391446 -0.10343 -0.939244 -0.454668 0.675004 
-0.269883 0.973885 -0.0437543 0.373525 -0.0420766 -0.863175 -0.893109 0.0633768 -0.353007 0.968372 0.686965 -0.0477699 -0.563512 0.657793 0.452296 -0.279217 0.132121 -0.819295 

18 1
-0.260414 
0.420202 
-0.778607 
0.442817 
0.909427 
0.608988 
0.883633 
0.945092 
0.602601 
0.639323 
-0.576037 
0.336138 
0.390717 
-0.579558 
-0.733345 
-0.703311 
-0.851634 
-0.778998 

2 1
-0.899695 
-0.0924625 

